{
  "gpa_correlations": {
    "semester_gpa": 1.0,
    "study_hours_per_week": 0.608,
    "attendance_percentage": 0.323,
    "sleep_hours_per_day": 0.139,
    "social_support_score": 0.121,
    "years_in_us": 0.064,
    "prev_sem_gpa": 0.027,
    "campus_activity_participation": 0.02,
    "english_proficiency_score": 0.019,
    "family_income_usd": 0.002,
    "library_usage_hours": -0.003,
    "work_restriction_impact": -0.011,
    "screen_time_hours": -0.011,
    "age": -0.015,
    "homesickness_level": -0.146,
    "stress_level": -0.149,
    "academic_pressure": -0.206,
    "work_hours_per_week": -0.526
  },
  "top_10_positive": {
    "semester_gpa": 1.0,
    "study_hours_per_week": 0.608,
    "attendance_percentage": 0.323,
    "sleep_hours_per_day": 0.139,
    "social_support_score": 0.121,
    "years_in_us": 0.064,
    "prev_sem_gpa": 0.027,
    "campus_activity_participation": 0.02,
    "english_proficiency_score": 0.019,
    "family_income_usd": 0.002
  },
  "top_10_negative": {
    "english_proficiency_score": 0.019,
    "family_income_usd": 0.002,
    "library_usage_hours": -0.003,
    "work_restriction_impact": -0.011,
    "screen_time_hours": -0.011,
    "age": -0.015,
    "homesickness_level": -0.146,
    "stress_level": -0.149,
    "academic_pressure": -0.206,
    "work_hours_per_week": -0.526
  },
  "correlation_matrix": [
    [
      1.0,
      0.014,
      0.037,
      -0.018,
      -0.029,
      0.004,
      -0.038,
      0.052,
      -0.034,
      0.011,
      -0.031,
      -0.016,
      0.029,
      -0.007,
      -0.054,
      -0.012,
      -0.023,
      -0.015
    ],
    [
      0.014,
      1.0,
      0.044,
      -0.016,
      0.049,
      -0.001,
      0.03,
      -0.01,
      -0.034,
      -0.027,
      0.032,
      -0.049,
      -0.011,
      -0.034,
      -0.026,
      0.002,
      0.017,
      0.064
    ],
    [
      0.037,
      0.044,
      1.0,
      0.011,
      0.011,
      0.036,
      -0.006,
      -0.012,
      0.05,
      -0.007,
      0.023,
      -0.002,
      0.0,
      0.007,
      0.022,
      0.005,
      0.032,
      0.002
    ],
    [
      -0.018,
      -0.016,
      0.011,
      1.0,
      0.001,
      0.002,
      -0.068,
      0.026,
      0.007,
      0.002,
      -0.047,
      -0.038,
      0.055,
      -0.025,
      -0.023,
      -0.006,
      0.007,
      -0.526
    ],
    [
      -0.029,
      0.049,
      0.011,
      0.001,
      1.0,
      0.029,
      -0.01,
      0.016,
      0.034,
      -0.03,
      0.002,
      0.014,
      -0.019,
      -0.013,
      -0.025,
      0.021,
      -0.032,
      0.608
    ],
    [
      0.004,
      -0.001,
      0.036,
      0.002,
      0.029,
      1.0,
      0.013,
      0.029,
      -0.015,
      -0.026,
      0.051,
      -0.011,
      0.033,
      -0.003,
      -0.0,
      0.009,
      -0.033,
      0.323
    ],
    [
      -0.038,
      0.03,
      -0.006,
      -0.068,
      -0.01,
      0.013,
      1.0,
      -0.017,
      0.009,
      -0.01,
      0.04,
      -0.031,
      -0.027,
      0.029,
      -0.032,
      0.003,
      0.017,
      0.139
    ],
    [
      0.052,
      -0.01,
      -0.012,
      0.026,
      0.016,
      0.029,
      -0.017,
      1.0,
      -0.004,
      -0.053,
      -0.009,
      -0.041,
      0.02,
      -0.0,
      -0.002,
      -0.011,
      -0.047,
      -0.011
    ],
    [
      -0.034,
      -0.034,
      0.05,
      0.007,
      0.034,
      -0.015,
      0.009,
      -0.004,
      1.0,
      0.012,
      0.02,
      0.007,
      0.031,
      0.023,
      0.027,
      -0.002,
      0.061,
      0.02
    ],
    [
      0.011,
      -0.027,
      -0.007,
      0.002,
      -0.03,
      -0.026,
      -0.01,
      -0.053,
      0.012,
      1.0,
      -0.052,
      -0.011,
      -0.028,
      -0.013,
      -0.039,
      -0.051,
      0.03,
      -0.003
    ],
    [
      -0.031,
      0.032,
      0.023,
      -0.047,
      0.002,
      0.051,
      0.04,
      -0.009,
      0.02,
      -0.052,
      1.0,
      0.01,
      -0.049,
      0.057,
      -0.009,
      -0.031,
      -0.021,
      -0.149
    ],
    [
      -0.016,
      -0.049,
      -0.002,
      -0.038,
      0.014,
      -0.011,
      -0.031,
      -0.041,
      0.007,
      -0.011,
      0.01,
      1.0,
      -0.007,
      -0.009,
      -0.036,
      0.028,
      -0.0,
      -0.146
    ],
    [
      0.029,
      -0.011,
      0.0,
      0.055,
      -0.019,
      0.033,
      -0.027,
      0.02,
      0.031,
      -0.028,
      -0.049,
      -0.007,
      1.0,
      0.032,
      0.076,
      0.023,
      0.045,
      -0.206
    ],
    [
      -0.007,
      -0.034,
      0.007,
      -0.025,
      -0.013,
      -0.003,
      0.029,
      -0.0,
      0.023,
      -0.013,
      0.057,
      -0.009,
      0.032,
      1.0,
      0.002,
      -0.003,
      0.05,
      0.121
    ],
    [
      -0.054,
      -0.026,
      0.022,
      -0.023,
      -0.025,
      -0.0,
      -0.032,
      -0.002,
      0.027,
      -0.039,
      -0.009,
      -0.036,
      0.076,
      0.002,
      1.0,
      0.05,
      0.025,
      -0.011
    ],
    [
      -0.012,
      0.002,
      0.005,
      -0.006,
      0.021,
      0.009,
      0.003,
      -0.011,
      -0.002,
      -0.051,
      -0.031,
      0.028,
      0.023,
      -0.003,
      0.05,
      1.0,
      0.05,
      0.027
    ],
    [
      -0.023,
      0.017,
      0.032,
      0.007,
      -0.032,
      -0.033,
      0.017,
      -0.047,
      0.061,
      0.03,
      -0.021,
      -0.0,
      0.045,
      0.05,
      0.025,
      0.05,
      1.0,
      0.019
    ],
    [
      -0.015,
      0.064,
      0.002,
      -0.526,
      0.608,
      0.323,
      0.139,
      -0.011,
      0.02,
      -0.003,
      -0.149,
      -0.146,
      -0.206,
      0.121,
      -0.011,
      0.027,
      0.019,
      1.0
    ]
  ],
  "correlation_columns": [
    "age",
    "years_in_us",
    "family_income_usd",
    "work_hours_per_week",
    "study_hours_per_week",
    "attendance_percentage",
    "sleep_hours_per_day",
    "screen_time_hours",
    "campus_activity_participation",
    "library_usage_hours",
    "stress_level",
    "homesickness_level",
    "academic_pressure",
    "social_support_score",
    "work_restriction_impact",
    "prev_sem_gpa",
    "english_proficiency_score",
    "semester_gpa"
  ],
  "max_correlation": 0.608,
  "min_correlation": -0.526
}